#nodeSelection branchingRule alpha level value nodeLevel computedNodes time testcasename
2 3 0.0 10 101 44 863 5.16764 steiner2
2 3 0.8 15 101 23 439 4.19655 steiner2
2 3 0.8 40 101 47 399 19.8286 steiner2
2 3 0.2 05 101 49 1157 5.34068 steiner2
2 3 0.5 20 101 34 527 7.80259 steiner2
2 3 0.9 05 101 19 547 2.37346 steiner2
2 3 1.0 05 101 28 833 3.35002 steiner2
2 3 0.2 40 101 61 607 25.7782 steiner2
2 3 0.0 20 101 35 691 9.93752 steiner2
2 3 0.8 20 101 40 553 8.78953 steiner2
2 3 0.9 10 101 30 585 3.66354 steiner2
2 3 0.2 10 101 26 861 5.00037 steiner2
2 3 0.9 40 101 47 519 28.3969 steiner2
2 3 1.0 10 101 20 617 5.06494 steiner2
2 3 0.2 20 101 28 503 9.29838 steiner2
2 3 1.0 15 101 26 433 9.70582 steiner2
2 3 0.5 15 101 41 529 5.52603 steiner2
2 3 0.0 15 101 39 571 5.10314 steiner2
2 3 1.0 40 101 28 371 29.1956 steiner2
2 3 0.5 05 101 44 1135 4.86175 steiner2
2 3 0.0 05 101 49 1157 5.41763 steiner2
2 3 0.5 40 101 55 621 22.4064 steiner2
2 3 0.9 20 101 26 393 8.80857 steiner2
2 3 0.0 40 101 47 563 24.9319 steiner2
2 3 0.5 10 101 27 831 4.7014 steiner2
2 3 0.8 05 101 21 1329 4.86988 steiner2
2 3 1.0 20 101 23 395 14.2788 steiner2
2 3 0.8 10 101 37 955 5.07658 steiner2
2 3 0.9 15 101 29 403 6.86084 steiner2
2 3 0.2 15 101 37 575 5.37393 steiner2
