#nodeSelection branchingRule alpha level value nodeLevel computedNodes time testcasename
2 3 0.0 05 83 16 353 1.05561 steiner1
2 3 0.5 20 83 33 349 4.27098 steiner1
2 3 0.8 10 83 28 309 1.50714 steiner1
2 3 0.0 15 83 31 407 2.70108 steiner1
2 3 1.0 20 83 21 235 6.4337 steiner1
2 3 0.2 15 83 31 407 2.74502 steiner1
2 3 0.5 10 83 30 409 1.96312 steiner1
2 3 0.9 15 83 23 263 3.80074 steiner1
2 3 0.8 15 83 34 393 2.34148 steiner1
2 3 0.5 40 83 50 529 17.3561 steiner1
2 3 0.8 20 83 26 231 3.26396 steiner1
2 3 0.5 15 83 31 407 2.67704 steiner1
2 3 0.8 40 83 46 253 10.307 steiner1
2 3 1.0 40 83 25 241 14.1362 steiner1
2 3 1.0 05 83 21 361 1.06064 steiner1
2 3 0.2 40 83 49 619 22.4283 steiner1
2 3 0.2 05 83 16 353 1.05739 steiner1
2 3 0.8 05 83 26 399 1.25177 steiner1
2 3 0.9 20 83 38 235 3.24825 steiner1
2 3 0.0 40 83 46 593 21.1811 steiner1
2 3 0.9 10 83 29 327 1.53054 steiner1
2 3 0.9 05 83 13 297 1.0005 steiner1
2 3 0.5 05 83 16 353 1.13366 steiner1
2 3 0.9 40 83 33 217 12.487 steiner1
2 3 0.2 10 83 27 385 1.60714 steiner1
2 3 1.0 10 83 16 213 2.07554 steiner1
2 3 1.0 15 83 22 237 4.7039 steiner1
2 3 0.0 10 83 24 373 1.89068 steiner1
2 3 0.0 20 83 31 375 4.77372 steiner1
2 3 0.2 20 83 33 361 4.47611 steiner1
